8.0 10.0 10.177088583004661
8.0 50.0 5.29862758499803
48.0 10.0 259.303839589993
8.0 100.0 5.376525419997051
48.0 50.0 5.555379979021382
96.0 10.0 243.83320776300388
8.0 500.0 5.9781181080034
48.0 100.0 5.226556948997313
96.0 50.0 288.4240475469851
496.0 10.0 133.98640136199538
8.0 1000.0 5.7362549339886755
48.0 500.0 6.004910868010484
96.0 100.0 5.406712671974674
496.0 50.0 285.8139173319796
1000.0 10.0 5.73604646397871
8.0 5000.0 5.859836276009446
48.0 1000.0 5.627323039982002
96.0 500.0 5.915133507980499
496.0 100.0 5.306716396007687
1000.0 50.0 149.30522713300888
5000.0 10.0 62.45728721198975
8.0 10000.0 5.754292672994779
48.0 5000.0 5.709486885985825
96.0 1000.0 5.774243686988484
496.0 500.0 5.913355500000762
1000.0 100.0 77.75028199498774
5000.0 50.0 122.2861126740172
10000.0 10.0 41.76342325200676
8.0 50000.0 5.857601397990948
48.0 10000.0 5.7278163289884105
96.0 5000.0 5.881875814025989
496.0 1000.0 6.085547339986078
1000.0 500.0 5.503676745021949
5000.0 100.0 153.6582359720196
10000.0 50.0 80.98236115500913
50000.0 10.0 53.82621451301384
48.0 50000.0 5.871007122012088
96.0 10000.0 5.647545856976649
496.0 5000.0 5.766746373992646
1000.0 1000.0 5.780395267007407
5000.0 500.0 310.43597060098546
10000.0 100.0 128.26114863198018
50000.0 50.0 21.9823695840023
96.0 50000.0 5.841117532982025
496.0 10000.0 5.83751983800903
1000.0 5000.0 6.539548794011353
5000.0 1000.0 216.67142290298943
10000.0 500.0 163.71547339501558
50000.0 100.0 25.35568963701371
496.0 50000.0 12.293355517991586
1000.0 10000.0 6.645815412019147
5000.0 5000.0 6.127077889017528
10000.0 1000.0 335.1171728920017
50000.0 500.0 115.89472535002278
1000.0 50000.0 6.004016964987386
5000.0 10000.0 6.0057460120006
10000.0 5000.0 6.694233621994499
50000.0 1000.0 270.2380455720122
5000.0 50000.0 6.620828255981905
10000.0 10000.0 6.182818156987196
50000.0 5000.0 1050.788496068999
10000.0 50000.0 15.923191121983109
50000.0 10000.0 1623.2350158240006
50000.0 50000.0 12.955399591010064
