8.0 10.0 195.73096294602146
8.0 50.0 127.40118998999242
48.0 10.0 219.28076897998108
8.0 100.0 218.5502995820134
48.0 50.0 282.5974190729903
96.0 10.0 155.1106044500484
8.0 500.0 206.72504341899185
48.0 100.0 259.04628260200843
96.0 50.0 218.91399252600968
496.0 10.0 125.07292670896277
8.0 1000.0 230.19433128699893
48.0 500.0 288.324593814963
96.0 100.0 283.6269402229809
496.0 50.0 146.58235494198743
1000.0 10.0 66.42410771496361
8.0 5000.0 226.7815488879569
48.0 1000.0 280.3805292239995
96.0 500.0 297.52205094503006
496.0 100.0 293.84500316902995
1000.0 50.0 266.92583561700303
5000.0 10.0 57.208539162995294
8.0 10000.0 329.9098697809968
48.0 5000.0 319.6483639199869
96.0 1000.0 310.3435252899653
496.0 500.0 236.9797166379867
1000.0 100.0 159.4550316259847
5000.0 50.0 80.59769048501039
10000.0 10.0 58.353940328001045
8.0 50000.0 150.7623416639981
48.0 10000.0 338.54601697495673
96.0 5000.0 325.1175159380073
496.0 1000.0 304.0092967909877
1000.0 500.0 301.199248445977
5000.0 100.0 155.41075061599258
10000.0 50.0 83.02170233399374
50000.0 10.0 6.806023506971542
48.0 50000.0 344.8519045560388
96.0 10000.0 342.80704768700525
496.0 5000.0 331.7251679379842
1000.0 1000.0 308.43561962700915
5000.0 500.0 306.8704222270171
10000.0 100.0 82.65173655300168
50000.0 50.0 16.533852729015052
96.0 50000.0 379.55042870301986
496.0 10000.0 356.61514044500655
1000.0 5000.0 328.4220758910524
5000.0 1000.0 321.0843049949617
10000.0 500.0 160.9304972240352
50000.0 100.0 6.824357784003951
496.0 50000.0 497.97767332498915
1000.0 10000.0 387.4740348859923
5000.0 5000.0 473.91886737797176
10000.0 1000.0 186.03913274599472
50000.0 500.0 230.90598392195534
1000.0 50000.0 554.829976523004
5000.0 10000.0 559.2456778089982
10000.0 5000.0 532.203897016996
50000.0 1000.0 245.32710833498277
5000.0 50000.0 1088.81906591804
10000.0 10000.0 680.6605951079982
50000.0 5000.0 1050.924243708956
10000.0 50000.0 1695.5083802620065
50000.0 10000.0 833.459969463991
50000.0 50000.0 6048.507235700963
