8.0 10.0 210.01062224099587
8.0 50.0 247.08788303400797
48.0 10.0 261.7918955900095
8.0 100.0 215.97906075399078
48.0 50.0 268.9353562650067
96.0 10.0 246.11754885000119
8.0 500.0 261.3626285770006
48.0 100.0 280.91795383499993
96.0 50.0 281.55205213099543
496.0 10.0 131.50040268599696
8.0 1000.0 220.43346303800354
48.0 500.0 278.87713517098746
96.0 100.0 286.4383167220076
496.0 50.0 288.4572794259875
1000.0 10.0 61.72223549098999
8.0 5000.0 239.5674217479973
48.0 1000.0 281.1456989319995
96.0 500.0 198.92242627299856
496.0 100.0 194.51455071099917
1000.0 50.0 151.27622228799737
5000.0 10.0 63.135482489000424
8.0 10000.0 343.31820154900197
48.0 5000.0 309.360772710992
96.0 1000.0 303.689143355994
496.0 500.0 301.26582997100195
1000.0 100.0 79.42219281499274
5000.0 50.0 124.54967337699782
10000.0 10.0 42.55004039200139
8.0 50000.0 301.56657058899873
48.0 10000.0 344.28847258200403
96.0 5000.0 326.9537257350021
496.0 1000.0 308.0993381559965
1000.0 500.0 301.3761515649967
5000.0 100.0 156.81576633799705
10000.0 50.0 84.17399999800546
50000.0 10.0 7.314422308001667
48.0 50000.0 357.1051599439961
96.0 10000.0 350.81482135600527
496.0 5000.0 330.87332030899415
1000.0 1000.0 309.88742975800415
5000.0 500.0 308.7665703410021
10000.0 100.0 127.54342895800073
50000.0 50.0 6.7705946619971655
96.0 50000.0 374.85900430599577
496.0 10000.0 353.6841188940016
1000.0 5000.0 329.59368510999775
5000.0 1000.0 218.14495315800013
10000.0 500.0 161.96838113899867
50000.0 100.0 6.8414818739984185
496.0 50000.0 495.26925442799984
1000.0 10000.0 393.3181854699942
5000.0 5000.0 473.7444662760099
10000.0 1000.0 334.7881317499996
50000.0 500.0 119.32070285500959
1000.0 50000.0 553.505339063995
5000.0 10000.0 560.5705517729948
10000.0 5000.0 547.2084167809953
50000.0 1000.0 7.6260383400076535
5000.0 50000.0 1099.29936738401
10000.0 10000.0 510.38644424200174
50000.0 5000.0 1055.5486107150064
10000.0 50000.0 1696.7765590560011
50000.0 10000.0 1616.0448630130122
50000.0 50000.0 6570.750599017003
